[gd_scene format=3 uid="uid://c03pnjrc3s0g"]

[ext_resource type="ArrayMesh" uid="uid://b42d1tvptn75o" path="res://entities/player/meshes/player_mesh.res" id="1_abrql"]
[ext_resource type="PackedScene" uid="uid://csso2y6aee5v1" path="res://entities/player/left_socket_grip.tscn" id="2_gx6sm"]
[ext_resource type="PackedScene" uid="uid://vur2mqhiha8b" path="res://entities/player/right_socket_grip.tscn" id="4_3wlsy"]
[ext_resource type="AnimationLibrary" uid="uid://dhhuak824673a" path="res://entities/player/animations/movement.res" id="4_fkugw"]
[ext_resource type="ItemDatabase" uid="uid://cky4hvvm3grdd" path="res://items/items_db.tres" id="14_afbqv"]

[sub_resource type="CapsuleShape3D" id="CapsuleShape3D_e5uuo"]
radius = 0.4
height = 1.9

[sub_resource type="Skin" id="Skin_6knju"]
resource_name = "Skin"
bind_count = 52
bind/0/name = &"mixamorig1_Hips"
bind/0/bone = -1
bind/0/pose = Transform3D(1, 0, 0, 0, 1, 0, 0, 0, 1, 2.28882e-07, -0.99754363, -0.03007882)
bind/1/name = &"mixamorig1_RightUpLeg"
bind/1/bone = -1
bind/1/pose = Transform3D(-0.996164, 0.08735768, 0.005060943, -0.0875042, -0.994497, -0.057614774, -2.1606462e-10, -0.0578366, 0.998326, -0.16301022, 0.9325584, 0.03204665)
bind/2/name = &"mixamorig1_LeftUpLeg"
bind/2/bone = -1
bind/2/pose = Transform3D(-0.996167, -0.08730066, -0.005531569, 0.0874757, -0.994173, -0.06299308, 2.439482e-10, -0.0632355, 0.997999, 0.16297875, 0.93251276, 0.03499326)
bind/3/name = &"mixamorig1_Head"
bind/3/bone = -1
bind/3/pose = Transform3D(1, 0, 0, 0, 1, 0, 0, 0, 1, 2.28882e-07, -1.5506092, 0.00921187)
bind/4/name = &"mixamorig1_Neck"
bind/4/bone = -1
bind/4/pose = Transform3D(1, 0, 0, 0, 1, 0, 0, 0, 1, 2.28882e-07, -1.4834073, 0.02893344)
bind/5/name = &"mixamorig1_LeftArm"
bind/5/bone = -1
bind/5/pose = Transform3D(-0.0669562, -0.11259167, -0.9913829, 0.9955612, -0.07340553, -0.058901705, -0.06614114, -0.9909262, 0.117006846, 0.14420693, -0.08265246, 1.4349629)
bind/6/name = &"mixamorig1_LeftShoulder"
bind/6/bone = -1
bind/6/pose = Transform3D(-0.03760384, -0.1206811, -0.991979, 0.9645579, -0.26383242, -0.004467325, -0.26117706, -0.956989, 0.126325, 0.15028873, 0.32753542, 1.4230819)
bind/7/name = &"mixamorig1_Spine2"
bind/7/bone = -1
bind/7/pose = Transform3D(1, 0, 0, 0, 0.992705, -0.120572, 0, 0.120572, 0.992705, 2.28882e-07, -1.3292434, -0.15013568)
bind/8/name = &"mixamorig1_Spine1"
bind/8/bone = -1
bind/8/pose = Transform3D(1, 0, 0, 0, 0.992705, -0.120572, 0, 0.120572, 0.992705, 2.28882e-07, -1.1987276, -0.15013568)
bind/9/name = &"mixamorig1_LeftLeg"
bind/9/bone = -1
bind/9/pose = Transform3D(-0.996823, -0.079488486, -0.005036575, 0.0796468, -0.994478, -0.068342514, 0.00042367994, -0.0685265, 0.997649, 0.15900984, 0.5056858, 0.03768374)
bind/10/name = &"mixamorig1_LeftFoot"
bind/10/bone = -1
bind/10/pose = Transform3D(-0.996235, -0.08176683, 0.028800784, 0.07003771, -0.56335914, 0.8232389, -0.05108843, 0.82215625, 0.5669647, 0.1601964, 0.07054264, -0.05578861)
bind/11/name = &"mixamorig1_LeftToeBase"
bind/11/bone = -1
bind/11/pose = Transform3D(-0.995309, 0.01574896, 0.095454015, 0.0953247, -0.008772477, 0.995408, 0.016514, 0.999837, 0.0072300546, 0.15250044, -0.1171773, -0.010973649)
bind/12/name = &"mixamorig1_Spine"
bind/12/bone = -1
bind/12/pose = Transform3D(1, 0, 0, 0, 0.992705, -0.120572, 0, 0.120572, 0.992705, 2.28882e-07, -1.0845263, -0.15013552)
bind/13/name = &"mixamorig1_LeftForeArm"
bind/13/bone = -1
bind/13/pose = Transform3D(0.045733035, -0.12015117, -0.99170196, 0.998435, 0.037499487, 0.041500226, 0.032201987, -0.992047, 0.121677995, 0.10514374, -0.49177155, 1.3933548)
bind/14/name = &"mixamorig1_LeftHand"
bind/14/bone = -1
bind/14/pose = Transform3D(0.09256882, 0.10790274, -0.989842, 0.9939159, -0.06960044, 0.08536266, -0.05968259, -0.9917219, -0.11368911, -0.25072584, -0.5689115, 1.4466419)
bind/15/name = &"mixamorig1_LeftHandThumb1"
bind/15/bone = -1
bind/15/pose = Transform3D(0.5786065, 0.058439117, -0.81351036, 0.77576804, -0.34735286, 0.52681005, -0.2517891, -0.93591195, -0.24631606, -0.49719176, -0.06101681, 1.4922829)
bind/16/name = &"mixamorig1_LeftHandMiddle2"
bind/16/bone = -1
bind/16/pose = Transform3D(0.08963999, 0.10810744, -0.9900901, 0.9632473, -0.26214767, 0.05858594, -0.25321627, -0.9589534, -0.12763314, -0.23849095, -0.4298879, 1.5610665)
bind/17/name = &"mixamorig1_LeftHandMiddle3"
bind/17/bone = -1
bind/17/pose = Transform3D(0.089640036, 0.10810752, -0.9900901, 0.97574854, -0.20885114, 0.06553723, -0.19969633, -0.9719535, -0.124207154, -0.23839135, -0.5469057, 1.533233)
bind/18/name = &"mixamorig1_LeftHandMiddle1"
bind/18/bone = -1
bind/18/pose = Transform3D(0.089640126, 0.108107686, -0.99009, 0.9845427, -0.15980096, 0.07168926, -0.1504671, -0.98121166, -0.120761156, -0.23839201, -0.5574216, 1.5071739)
bind/19/name = &"mixamorig1_LeftHandIndex3"
bind/19/bone = -1
bind/19/pose = Transform3D(0.20809302, 0.09902932, -0.973083, 0.9423858, -0.28671485, 0.17234987, -0.2619295, -0.95288384, -0.1529871, -0.2947969, -0.40399998, 1.5578334)
bind/20/name = &"mixamorig1_LeftHandIndex2"
bind/20/bone = -1
bind/20/pose = Transform3D(0.20809288, 0.0990294, -0.973083, 0.95434994, -0.2385004, 0.17981493, -0.21427377, -0.96608007, -0.14413896, -0.29486504, -0.4509119, 1.5355794)
bind/21/name = &"mixamorig1_LeftHandIndex1"
bind/21/bone = -1
bind/21/pose = Transform3D(0.2080927, 0.09902948, -0.9730831, 0.97332704, -0.119219646, 0.19601205, -0.09659968, -0.98791707, -0.12119686, -0.2946339, -0.601361, 1.4693307)
bind/22/name = &"mixamorig1_LeftHandPinky1"
bind/22/bone = -1
bind/22/pose = Transform3D(-0.012868844, 0.114646845, -0.993323, 0.96864897, -0.24505417, -0.04083272, -0.2480994, -0.96270716, -0.107899025, -0.20983598, -0.41831645, 1.5554817)
bind/23/name = &"mixamorig1_LeftHandRing1"
bind/23/bone = -1
bind/23/pose = Transform3D(0.04532701, 0.11108214, -0.992777, 0.9525935, -0.30409944, 0.009466578, -0.30085123, -0.9461416, -0.11959998, -0.23018491, -0.3312603, 1.5776725)
bind/24/name = &"mixamorig1_LeftHandRing2"
bind/24/bone = -1
bind/24/pose = Transform3D(0.045327187, 0.11108274, -0.99277693, 0.97246045, -0.23234104, 0.01840274, -0.22861862, -0.96627057, -0.11855496, -0.23012005, -0.47574314, 1.5463685)
bind/25/name = &"mixamorig1_LeftHandPinky2"
bind/25/bone = -1
bind/25/pose = Transform3D(-0.012868945, 0.11464668, -0.993323, 0.9458916, -0.32071915, -0.049270995, -0.32422662, -0.94021046, -0.10431607, -0.20991987, -0.32075128, 1.5859567)
bind/26/name = &"mixamorig1_LeftHandPinky3"
bind/26/bone = -1
bind/26/pose = Transform3D(-0.012868843, 0.11464694, -0.993323, 0.93681407, -0.34593275, -0.052063473, -0.34959155, -0.93122816, -0.10295103, -0.20989124, -0.29983935, 1.5946131)
bind/27/name = &"mixamorig1_LeftHandRing3"
bind/27/bone = -1
bind/27/pose = Transform3D(0.045327198, 0.11108281, -0.99277693, 0.9734326, -0.22819251, 0.018911306, -0.22444353, -0.9672586, -0.11847495, -0.23015429, -0.5085771, 1.5442005)
bind/28/name = &"mixamorig1_LeftHandThumb2"
bind/28/bone = -1
bind/28/pose = Transform3D(0.5786062, 0.058439158, -0.8135106, 0.72236407, -0.49982786, 0.47787306, -0.37868878, -0.8641511, -0.33141786, -0.49313748, 0.15153252, 1.487995)
bind/29/name = &"mixamorig1_LeftHandThumb3"
bind/29/bone = -1
bind/29/pose = Transform3D(0.5786066, 0.058439627, -0.81351024, 0.7226563, -0.49915925, 0.4781293, -0.37812954, -0.8645373, -0.3310487, -0.49276543, 0.11438187, 1.488084)
bind/30/name = &"mixamorig1_RightShoulder"
bind/30/bone = -1
bind/30/pose = Transform3D(-0.028401082, 0.12063549, 0.9922909, -0.96455806, -0.2638318, 0.004467424, 0.26233676, -0.95699507, 0.123853, -0.15022473, 0.32779235, 1.4230176)
bind/31/name = &"mixamorig1_RightArm"
bind/31/bone = -1
bind/31/pose = Transform3D(-0.07308687, 0.108274005, 0.991431, -0.995161, -0.073378235, -0.065348215, 0.06567391, -0.991409, 0.113112986, -0.1408957, -0.08269538, 1.4352542)
bind/32/name = &"mixamorig1_RightLeg"
bind/32/bone = -1
bind/32/pose = Transform3D(-0.996824, 0.079508886, 0.004606231, -0.0796357, -0.994336, -0.07038888, -0.0010164, -0.0705321, 0.997509, -0.15902255, 0.5056196, 0.03850252)
bind/33/name = &"mixamorig1_RightToeBase"
bind/33/bone = -1
bind/33/pose = Transform3D(-0.995243, -0.017352255, -0.09586784, -0.0957259, -0.008837386, 0.995369, -0.018119099, 0.99981, 0.0071342783, -0.15241416, -0.1174666, -0.011224208)
bind/34/name = &"mixamorig1_RightFoot"
bind/34/bone = -1
bind/34/pose = Transform3D(-0.996238, 0.081810385, -0.02856861, -0.06970299, -0.5606729, 0.8250981, 0.051483974, 0.8239858, 0.5642663, -0.160215, 0.07097803, -0.055589065)
bind/35/name = &"mixamorig1_RightForeArm"
bind/35/bone = -1
bind/35/pose = Transform3D(0.04309116, 0.11606982, 0.992306, -0.998536, 0.03750461, 0.03897479, -0.03269226, -0.99253297, 0.11751604, -0.10060221, -0.4919408, 1.3936276)
bind/36/name = &"mixamorig1_RightHand"
bind/36/bone = -1
bind/36/pose = Transform3D(0.10245387, -0.10187262, 0.98950803, -0.99284095, -0.07187462, 0.09539927, 0.061401926, -0.99219793, -0.10850712, 0.24930829, -0.56455123, 1.4486064)
bind/37/name = &"mixamorig1_RightHandMiddle1"
bind/37/bone = -1
bind/37/pose = Transform3D(0.09963619, -0.102075666, 0.98977405, -0.9889429, -0.11996794, 0.08718019, 0.10984212, -0.98751587, -0.1129001, 0.23813578, -0.61530143, 1.4826556)
bind/38/name = &"mixamorig1_RightHandThumb1"
bind/38/bone = -1
bind/38/pose = Transform3D(0.5746255, -0.05374873, 0.8166494, -0.7780589, -0.34535444, 0.5247419, 0.2538294, -0.93693185, -0.24026926, 0.4880685, -0.066279, 1.4952023)
bind/39/name = &"mixamorig1_RightHandMiddle3"
bind/39/bone = -1
bind/39/pose = Transform3D(0.099636346, -0.10207593, 0.989774, -0.97541195, -0.20654027, 0.07688997, 0.19657966, -0.9730989, -0.12014505, 0.23816115, -0.5490945, 1.532427)
bind/40/name = &"mixamorig1_RightHandMiddle2"
bind/40/bone = -1
bind/40/pose = Transform3D(0.09963632, -0.10207621, 0.989774, -0.96325403, -0.2592488, 0.07023013, 0.2494289, -0.9604013, -0.124155916, 0.23829821, -0.4325309, 1.5600657)
bind/41/name = &"mixamorig1_RightHandIndex2"
bind/41/bone = -1
bind/41/pose = Transform3D(0.16331382, -0.09726028, 0.981768, -0.95935345, -0.24780324, 0.13503624, 0.2301516, -0.96391565, -0.13377666, 0.25518894, -0.44497022, 1.5457016)
bind/42/name = &"mixamorig1_RightHandIndex3"
bind/42/bone = -1
bind/42/pose = Transform3D(0.16331422, -0.0972602, 0.98176795, -0.96008515, -0.24471724, 0.1354641, 0.2270803, -0.96470416, -0.1333439, 0.25512305, -0.47847492, 1.5441786)
bind/43/name = &"mixamorig1_RightHandIndex1"
bind/43/bone = -1
bind/43/pose = Transform3D(0.16331367, -0.0972595, 0.9817681, -0.97528386, -0.16603298, 0.14578688, 0.14882678, -0.98131186, -0.121971115, 0.25506908, -0.54194874, 1.5029048)
bind/44/name = &"mixamorig1_RightHandRing1"
bind/44/bone = -1
bind/44/pose = Transform3D(0.01295134, -0.10791088, 0.994076, -0.9793661, -0.20188747, -0.0091559915, 0.20167959, -0.9734461, -0.108299, 0.19874054, -0.4962561, 1.5355515)
bind/45/name = &"mixamorig1_RightHandRing2"
bind/45/bone = -1
bind/45/pose = Transform3D(0.012951397, -0.10791087, 0.994076, -0.957741, -0.28702587, -0.018679785, 0.28734112, -0.95182496, -0.107067995, 0.19877763, -0.38688165, 1.5758529)
bind/46/name = &"mixamorig1_RightHandRing3"
bind/46/bone = -1
bind/46/pose = Transform3D(0.01295127, -0.10791049, 0.9940761, -0.98115104, -0.19306885, -0.008175433, 0.19280738, -0.97523314, -0.108377, 0.19869907, -0.56509787, 1.5281268)
bind/47/name = &"mixamorig1_RightHandPinky1"
bind/47/bone = -1
bind/47/pose = Transform3D(-0.013401006, -0.10952138, 0.99389404, -0.97302526, -0.22751798, -0.03819079, 0.23031132, -0.96759516, -0.103518024, 0.20213497, -0.44772375, 1.5487435)
bind/48/name = &"mixamorig1_RightHandPinky2"
bind/48/bone = -1
bind/48/pose = Transform3D(-0.01340101, -0.109521724, 0.99389404, -0.93811196, -0.34264514, -0.050406516, 0.3460735, -0.93305916, -0.098151825, 0.20221603, -0.28372434, 1.5946484)
bind/49/name = &"mixamorig1_RightHandPinky3"
bind/49/bone = -1
bind/49/pose = Transform3D(-0.013400948, -0.10952185, 0.99389404, -0.951166, -0.30516505, -0.046452407, 0.30838934, -0.9459809, -0.100083984, 0.20216048, -0.36856228, 1.5812091)
bind/50/name = &"mixamorig1_RightHandThumb2"
bind/50/bone = -1
bind/50/pose = Transform3D(0.57462543, -0.053748764, 0.81664944, -0.72218084, -0.5027624, 0.47506386, 0.38504627, -0.86275184, -0.32771617, 0.48378432, 0.15416491, 1.4910794)
bind/51/name = &"mixamorig1_RightHandThumb3"
bind/51/bone = -1
bind/51/pose = Transform3D(0.5746257, -0.05374949, 0.8166492, -0.7573322, -0.4131864, 0.5056932, 0.31024766, -0.90905917, -0.27813378, 0.48342052, -0.032126717, 1.4954644)

[sub_resource type="AnimationNodeAnimation" id="AnimationNodeAnimation_ghoj8"]
animation = &"movement/jump_down"

[sub_resource type="AnimationNodeAnimation" id="AnimationNodeAnimation_t1t22"]
animation = &"movement/jump_up"

[sub_resource type="AnimationNodeAnimation" id="AnimationNodeAnimation_j3ovn"]
animation = &"movement/run_left"

[sub_resource type="AnimationNodeAnimation" id="AnimationNodeAnimation_afbqv"]
animation = &"movement/run_right"

[sub_resource type="AnimationNodeAnimation" id="AnimationNodeAnimation_gx6sm"]
animation = &"movement/run_forward"

[sub_resource type="AnimationNodeAnimation" id="AnimationNodeAnimation_yqrof"]
animation = &"movement/run_backward"

[sub_resource type="AnimationNodeAnimation" id="AnimationNodeAnimation_3wlsy"]
animation = &"movement/idle"

[sub_resource type="AnimationNodeAnimation" id="AnimationNodeAnimation_b2kln"]
animation = &"movement/walk_forward"

[sub_resource type="AnimationNodeAnimation" id="AnimationNodeAnimation_we0b7"]
animation = &"movement/walk_backward"

[sub_resource type="AnimationNodeAnimation" id="AnimationNodeAnimation_mtric"]
animation = &"movement/walk_right"

[sub_resource type="AnimationNodeAnimation" id="AnimationNodeAnimation_eyb6c"]
animation = &"movement/walk_left"

[sub_resource type="AnimationNodeBlendSpace2D" id="AnimationNodeBlendSpace2D_221hk"]
blend_point_0/node = SubResource("AnimationNodeAnimation_j3ovn")
blend_point_0/pos = Vector2(0, 1)
blend_point_1/node = SubResource("AnimationNodeAnimation_afbqv")
blend_point_1/pos = Vector2(0, -1)
blend_point_2/node = SubResource("AnimationNodeAnimation_gx6sm")
blend_point_2/pos = Vector2(1, 0)
blend_point_3/node = SubResource("AnimationNodeAnimation_yqrof")
blend_point_3/pos = Vector2(-1, 0)
blend_point_4/node = SubResource("AnimationNodeAnimation_3wlsy")
blend_point_4/pos = Vector2(0, 0)
blend_point_5/node = SubResource("AnimationNodeAnimation_b2kln")
blend_point_5/pos = Vector2(0.4, 0)
blend_point_6/node = SubResource("AnimationNodeAnimation_we0b7")
blend_point_6/pos = Vector2(-0.4, 0)
blend_point_7/node = SubResource("AnimationNodeAnimation_mtric")
blend_point_7/pos = Vector2(0, -0.5)
blend_point_8/node = SubResource("AnimationNodeAnimation_eyb6c")
blend_point_8/pos = Vector2(0, 0.5)

[sub_resource type="AnimationNodeTimeScale" id="AnimationNodeTimeScale_ghoj8"]

[sub_resource type="AnimationNodeBlendTree" id="AnimationNodeBlendTree_t1t22"]
nodes/output/position = Vector2(680, 100)
nodes/movement_time_scale/node = SubResource("AnimationNodeTimeScale_ghoj8")
nodes/movement_time_scale/position = Vector2(360, 100)
nodes/movement/node = SubResource("AnimationNodeBlendSpace2D_221hk")
nodes/movement/position = Vector2(100, 140)
node_connections = [&"output", 0, &"movement_time_scale", &"movement_time_scale", 0, &"movement"]

[sub_resource type="AnimationNodeStateMachineTransition" id="AnimationNodeStateMachineTransition_50fht"]
advance_mode = 2

[sub_resource type="AnimationNodeStateMachineTransition" id="AnimationNodeStateMachineTransition_wuv6x"]
xfade_time = 0.1
advance_mode = 2
advance_condition = &"is_in_air"

[sub_resource type="AnimationNodeStateMachineTransition" id="AnimationNodeStateMachineTransition_qpopc"]
xfade_time = 0.1
advance_mode = 2
advance_condition = &"is_on_floor"

[sub_resource type="AnimationNodeStateMachineTransition" id="AnimationNodeStateMachineTransition_wq0jh"]
advance_mode = 0

[sub_resource type="AnimationNodeStateMachineTransition" id="AnimationNodeStateMachineTransition_gt4e4"]
switch_mode = 2
advance_mode = 2

[sub_resource type="AnimationNodeStateMachine" id="AnimationNodeStateMachine_wuv6x"]
states/End/position = Vector2(1040, 95)
states/jump_down/node = SubResource("AnimationNodeAnimation_ghoj8")
states/jump_down/position = Vector2(418, 195)
states/jump_up/node = SubResource("AnimationNodeAnimation_t1t22")
states/jump_up/position = Vector2(640, 161)
states/locomotion/node = SubResource("AnimationNodeBlendTree_t1t22")
states/locomotion/position = Vector2(428, 68)
transitions = ["Start", "locomotion", SubResource("AnimationNodeStateMachineTransition_50fht"), "locomotion", "jump_down", SubResource("AnimationNodeStateMachineTransition_wuv6x"), "jump_down", "locomotion", SubResource("AnimationNodeStateMachineTransition_qpopc"), "locomotion", "jump_up", SubResource("AnimationNodeStateMachineTransition_wq0jh"), "jump_up", "jump_down", SubResource("AnimationNodeStateMachineTransition_gt4e4")]
graph_offset = Vector2(25, -69)

[sub_resource type="AnimationNodeOneShot" id="AnimationNodeOneShot_fkugw"]
fadein_time = 0.2
fadeout_time = 0.2

[sub_resource type="AnimationNodeAnimation" id="AnimationNodeAnimation_wvtmh"]
animation = &"movement/picaxe_mine"
use_custom_timeline = true
timeline_length = 1.2999999999999998
stretch_time_scale = true
start_offset = 0.0
loop_mode = 0

[sub_resource type="AnimationNodeStateMachineTransition" id="AnimationNodeStateMachineTransition_j3ovn"]

[sub_resource type="AnimationNodeStateMachineTransition" id="AnimationNodeStateMachineTransition_qiwj3"]
switch_mode = 2
advance_mode = 2

[sub_resource type="AnimationNodeStateMachine" id="AnimationNodeStateMachine_afbqv"]
states/Start/position = Vector2(175, 100)
states/picaxe_mine/node = SubResource("AnimationNodeAnimation_wvtmh")
states/picaxe_mine/position = Vector2(523, 100)
transitions = ["Start", "picaxe_mine", SubResource("AnimationNodeStateMachineTransition_j3ovn"), "picaxe_mine", "End", SubResource("AnimationNodeStateMachineTransition_qiwj3")]
graph_offset = Vector2(115, -101)

[sub_resource type="AnimationNodeAnimation" id="AnimationNodeAnimation_fkugw"]
animation = &"movement/idle"

[sub_resource type="AnimationNodeAnimation" id="AnimationNodeAnimation_221hk"]
animation = &"movement/equip_left_hand"
use_custom_timeline = true
timeline_length = 0.7
stretch_time_scale = true
start_offset = 0.0
loop_mode = 0

[sub_resource type="AnimationNodeAnimation" id="AnimationNodeAnimation_50fht"]
animation = &"movement/torch_pose_static"

[sub_resource type="AnimationNodeStateMachineTransition" id="AnimationNodeStateMachineTransition_bwdx1"]
switch_mode = 2

[sub_resource type="AnimationNodeStateMachineTransition" id="AnimationNodeStateMachineTransition_vewsg"]

[sub_resource type="AnimationNodeStateMachineTransition" id="AnimationNodeStateMachineTransition_fkugw"]
advance_mode = 2

[sub_resource type="AnimationNodeStateMachineTransition" id="AnimationNodeStateMachineTransition_8fjmc"]
advance_mode = 2

[sub_resource type="AnimationNodeStateMachine" id="AnimationNodeStateMachine_2soq1"]
states/End/position = Vector2(1145, 100)
states/Start/position = Vector2(170, 100)
states/empty/node = SubResource("AnimationNodeAnimation_fkugw")
states/empty/position = Vector2(337, 100)
states/equip/node = SubResource("AnimationNodeAnimation_221hk")
states/equip/position = Vector2(493, 100)
states/torch/node = SubResource("AnimationNodeAnimation_50fht")
states/torch/position = Vector2(493, 210)
transitions = ["equip", "torch", SubResource("AnimationNodeStateMachineTransition_bwdx1"), "torch", "equip", SubResource("AnimationNodeStateMachineTransition_vewsg"), "Start", "empty", SubResource("AnimationNodeStateMachineTransition_fkugw"), "empty", "equip", SubResource("AnimationNodeStateMachineTransition_8fjmc")]
graph_offset = Vector2(85, -61)

[sub_resource type="AnimationNodeBlend2" id="AnimationNodeBlend2_ghoj8"]
filter_enabled = true
filters = ["Skeleton3D:mixamorig1_LeftArm", "Skeleton3D:mixamorig1_LeftForeArm", "Skeleton3D:mixamorig1_LeftHand", "Skeleton3D:mixamorig1_LeftHandIndex1", "Skeleton3D:mixamorig1_LeftHandIndex2", "Skeleton3D:mixamorig1_LeftHandIndex3", "Skeleton3D:mixamorig1_LeftHandMiddle1", "Skeleton3D:mixamorig1_LeftHandMiddle2", "Skeleton3D:mixamorig1_LeftHandMiddle3", "Skeleton3D:mixamorig1_LeftHandPinky1", "Skeleton3D:mixamorig1_LeftHandPinky2", "Skeleton3D:mixamorig1_LeftHandPinky3", "Skeleton3D:mixamorig1_LeftHandRing1", "Skeleton3D:mixamorig1_LeftHandRing2", "Skeleton3D:mixamorig1_LeftHandRing3", "Skeleton3D:mixamorig1_LeftHandThumb1", "Skeleton3D:mixamorig1_LeftHandThumb2", "Skeleton3D:mixamorig1_LeftHandThumb3", "Skeleton3D:mixamorig1_LeftShoulder"]

[sub_resource type="AnimationNodeAnimation" id="AnimationNodeAnimation_wuv6x"]
animation = &"movement/idle"

[sub_resource type="AnimationNodeAnimation" id="AnimationNodeAnimation_8fjmc"]
animation = &"movement/equip_right_hand"

[sub_resource type="AnimationNodeAnimation" id="AnimationNodeAnimation_qiwj3"]
animation = &"movement/hide_right_hand"

[sub_resource type="AnimationNodeAnimation" id="AnimationNodeAnimation_26q78"]
animation = &"movement/picaxe_pose_static"

[sub_resource type="AnimationNodeStateMachineTransition" id="AnimationNodeStateMachineTransition_wvtmh"]
advance_mode = 2

[sub_resource type="AnimationNodeStateMachine" id="AnimationNodeStateMachine_j3ovn"]
states/idle/node = SubResource("AnimationNodeAnimation_26q78")
states/idle/position = Vector2(428, 100)
transitions = ["Start", "idle", SubResource("AnimationNodeStateMachineTransition_wvtmh")]

[sub_resource type="AnimationNodeStateMachineTransition" id="AnimationNodeStateMachineTransition_2soq1"]
advance_mode = 2

[sub_resource type="AnimationNodeStateMachineTransition" id="AnimationNodeStateMachineTransition_8q4fm"]

[sub_resource type="AnimationNodeStateMachineTransition" id="AnimationNodeStateMachineTransition_bectd"]
switch_mode = 2
advance_mode = 2

[sub_resource type="AnimationNodeStateMachineTransition" id="AnimationNodeStateMachineTransition_afbqv"]
switch_mode = 2
advance_mode = 2

[sub_resource type="AnimationNodeStateMachineTransition" id="AnimationNodeStateMachineTransition_gx6sm"]

[sub_resource type="AnimationNodeStateMachine" id="AnimationNodeStateMachine_8q4fm"]
states/End/position = Vector2(1161, 100)
states/empty/node = SubResource("AnimationNodeAnimation_wuv6x")
states/empty/position = Vector2(413, 100)
states/equip/node = SubResource("AnimationNodeAnimation_8fjmc")
states/equip/position = Vector2(599, 100)
states/hide/node = SubResource("AnimationNodeAnimation_qiwj3")
states/hide/position = Vector2(458, 209)
states/picaxe/node = SubResource("AnimationNodeStateMachine_j3ovn")
states/picaxe/position = Vector2(686, 209)
transitions = ["Start", "empty", SubResource("AnimationNodeStateMachineTransition_2soq1"), "empty", "equip", SubResource("AnimationNodeStateMachineTransition_8q4fm"), "hide", "empty", SubResource("AnimationNodeStateMachineTransition_bectd"), "equip", "picaxe", SubResource("AnimationNodeStateMachineTransition_afbqv"), "picaxe", "hide", SubResource("AnimationNodeStateMachineTransition_gx6sm")]
graph_offset = Vector2(134, -25)

[sub_resource type="AnimationNodeBlend2" id="AnimationNodeBlend2_j3ovn"]
filter_enabled = true
filters = ["Skeleton3D:mixamorig1_RightArm", "Skeleton3D:mixamorig1_RightForeArm", "Skeleton3D:mixamorig1_RightHand", "Skeleton3D:mixamorig1_RightHandIndex1", "Skeleton3D:mixamorig1_RightHandIndex2", "Skeleton3D:mixamorig1_RightHandIndex3", "Skeleton3D:mixamorig1_RightHandMiddle1", "Skeleton3D:mixamorig1_RightHandMiddle2", "Skeleton3D:mixamorig1_RightHandMiddle3", "Skeleton3D:mixamorig1_RightHandPinky1", "Skeleton3D:mixamorig1_RightHandPinky2", "Skeleton3D:mixamorig1_RightHandPinky3", "Skeleton3D:mixamorig1_RightHandRing1", "Skeleton3D:mixamorig1_RightHandRing2", "Skeleton3D:mixamorig1_RightHandRing3", "Skeleton3D:mixamorig1_RightHandThumb1", "Skeleton3D:mixamorig1_RightHandThumb2", "Skeleton3D:mixamorig1_RightHandThumb3", "Skeleton3D:mixamorig1_RightShoulder"]

[sub_resource type="AnimationNodeBlendTree" id="AnimationNodeBlendTree_qpopc"]
graph_offset = Vector2(1053.0785, -115.56035)
nodes/output/position = Vector2(2140, -40)
nodes/base_movement/node = SubResource("AnimationNodeStateMachine_wuv6x")
nodes/base_movement/position = Vector2(180, 40)
nodes/left_hand_blend/node = SubResource("AnimationNodeBlend2_ghoj8")
nodes/left_hand_blend/position = Vector2(740, 20)
nodes/left_hand/node = SubResource("AnimationNodeStateMachine_2soq1")
nodes/left_hand/position = Vector2(460, 180)
nodes/right_hand_blend/node = SubResource("AnimationNodeBlend2_j3ovn")
nodes/right_hand_blend/position = Vector2(1260, 0)
nodes/right_hand/node = SubResource("AnimationNodeStateMachine_8q4fm")
nodes/right_hand/position = Vector2(980, 160)
nodes/full_body_action/node = SubResource("AnimationNodeOneShot_fkugw")
nodes/full_body_action/position = Vector2(1800, -40)
nodes/full_body_action_anim/node = SubResource("AnimationNodeStateMachine_afbqv")
nodes/full_body_action_anim/position = Vector2(1520, 120)
node_connections = [&"output", 0, &"full_body_action", &"left_hand_blend", 0, &"base_movement", &"left_hand_blend", 1, &"left_hand", &"right_hand_blend", 0, &"left_hand_blend", &"right_hand_blend", 1, &"right_hand", &"full_body_action", 0, &"right_hand_blend", &"full_body_action", 1, &"full_body_action_anim"]

[sub_resource type="SceneReplicationConfig" id="SceneReplicationConfig_symyc"]
properties/0/path = NodePath(".:position")
properties/0/spawn = true
properties/0/replication_mode = 1
properties/1/path = NodePath(".:rotation")
properties/1/spawn = true
properties/1/replication_mode = 1
properties/2/path = NodePath(".:velocity")
properties/2/spawn = true
properties/2/replication_mode = 1
properties/3/path = NodePath("Equipment:left_item")
properties/3/spawn = true
properties/3/replication_mode = 1
properties/4/path = NodePath("Equipment:right_item")
properties/4/spawn = true
properties/4/replication_mode = 1

[node name="Player" type="Player" unique_id=1770935337]
player_animator_path = NodePath("Animator")
left_hand_socket_path = NodePath("Visuals/model/Skeleton3D/LeftHandAttachment/Socket_L")
right_hand_socket_path = NodePath("Visuals/model/Skeleton3D/RightHandAttachment2/Socket_R")
sprint_speed = 5.0
speed = 2.5
friction = 15.0

[node name="Head" type="Node3D" parent="." unique_id=250006123]
transform = Transform3D(1, 0, 0, 0, 0.9999999, 0, 0, 0, 0.9999999, 0.010615259, 1.4557481, 0.05729945)
visible = false

[node name="Camera3D" type="Camera3D" parent="Head" unique_id=1144346931]
transform = Transform3D(1, 0, 0, 0, 1.0000001, 0, 0, 0, 1.0000001, 0.015012503, 0.16840231, -0.20311137)
current = true
fov = 80.0

[node name="CollisionShape3D" type="CollisionShape3D" parent="." unique_id=2090861134]
transform = Transform3D(1, 0, 0, 0, 1, 0, 0, 0, 1, 0, 0.91197276, 0)
shape = SubResource("CapsuleShape3D_e5uuo")

[node name="Visuals" type="Node3D" parent="." unique_id=1046459804]
transform = Transform3D(-1, 0, -8.742278e-08, 0, 1, 0, 8.742278e-08, 0, -1, 0, 0, 0)

[node name="model" type="Node3D" parent="Visuals" unique_id=1792957045]

[node name="Skeleton3D" type="Skeleton3D" parent="Visuals/model" unique_id=858779520]
bones/0/name = "mixamorig1_Hips"
bones/0/parent = -1
bones/0/rest = Transform3D(1, 0, 0, 0, 1, 0, 0, 0, 1, -2.2888183e-07, 0.99754, 0.030078819)
bones/0/enabled = true
bones/0/position = Vector3(-0.021954376, 0.9709879, 0.00832402)
bones/0/rotation = Quaternion(-0.02347638, 0.0005859024, -0.01167262, 0.9996561)
bones/0/scale = Vector3(1, 1, 1)
bones/1/name = "mixamorig1_Spine"
bones/1/parent = 0
bones/1/rest = Transform3D(1, 0, 0, 0, 0.99270415, 0.1205719, 0, -0.1205719, 0.99270415, 0, 0.09717224, -0.011802064)
bones/1/enabled = true
bones/1/position = Vector3(0, 0.0971727, -0.011802452)
bones/1/rotation = Quaternion(-0.050597973, -0.0012287468, 4.3339704e-05, 0.9987183)
bones/1/scale = Vector3(1, 1, 1)
bones/2/name = "mixamorig1_Spine1"
bones/2/parent = 1
bones/2/rest = Transform3D(1, 0, 0, 0, 1, 1.3877788e-17, 0, -1.3877788e-17, 1, 2.646978e-23, 0.11420136, 1.7e-07)
bones/2/enabled = true
bones/2/position = Vector3(0, 0.114201374, -3.0602545e-10)
bones/2/rotation = Quaternion(0.010194666, -0.024623392, -0.0006352362, 0.99964464)
bones/2/scale = Vector3(1, 1, 1)
bones/3/name = "mixamorig1_Spine2"
bones/3/parent = 2
bones/3/rest = Transform3D(1, 0, 0, 0, 1, 1.3877788e-17, 0, -1.3877788e-17, 1, 2.646978e-23, 0.13051577, -5.551115e-17)
bones/3/enabled = true
bones/3/position = Vector3(0, 0.13051577, 3.506162e-10)
bones/3/rotation = Quaternion(0.0100857485, -0.024571834, -0.00021363926, 0.9996472)
bones/3/scale = Vector3(1, 1, 1)
bones/4/name = "mixamorig1_Neck"
bones/4/parent = 3
bones/4/rest = Transform3D(1, 0, 0, 0, 0.9927049, -0.12057199, 0, 0.12057199, 0.9927049, 2.646978e-23, 0.146831, -6.667853e-07)
bones/4/enabled = true
bones/4/position = Vector3(0, 0.14683032, 1.5214523e-08)
bones/4/rotation = Quaternion(0.067656085, 0.009130764, -0.011318851, 0.9976028)
bones/4/scale = Vector3(1, 0.99999994, 0.99999994)
bones/5/name = "mixamorig1_Head"
bones/5/parent = 4
bones/5/rest = Transform3D(1, 0, 0, 0, 1, 0, 0, 0, 1, 0, 0.06720199, 0.01972157)
bones/5/enabled = true
bones/5/position = Vector3(0, 0.067201994, 0.019721568)
bones/5/rotation = Quaternion(0.007098333, 0.007970005, -0.011998821, 0.9998711)
bones/5/scale = Vector3(1, 1, 1)
bones/6/name = "mixamorig1_HeadTop_End"
bones/6/parent = 5
bones/6/rest = Transform3D(1, 0, 0, 0, 1, -1.3877788e-17, 0, 1.3877788e-17, 1, 0, 0.20999847, 0.061627634)
bones/6/enabled = true
bones/6/position = Vector3(0, 0.20999847, 0.061627634)
bones/6/rotation = Quaternion(6.938894e-18, 0, 0, 1)
bones/6/scale = Vector3(1, 1, 1)
bones/7/name = "mixamorig1_LeftShoulder"
bones/7/parent = 3
bones/7/rest = Transform3D(-0.0376041, 0.9645586, -0.2611773, -0.00019589071, -0.26136932, -0.9652397, -0.999293, -0.036245655, 0.0100174025, 0.061401155, 0.13000876, -0.0023370655)
bones/7/enabled = true
bones/7/position = Vector3(0.06140155, 0.13000743, -0.0023359219)
bones/7/rotation = Quaternion(-0.54196775, -0.44235775, 0.5886588, -0.40505728)
bones/7/scale = Vector3(1, 1, 0.99999994)
bones/8/name = "mixamorig1_LeftArm"
bones/8/parent = 7
bones/8/rest = Transform3D(0.99953645, 0.029850982, 0.0060048895, -0.030448979, 0.97990644, 0.19711879, -4.0279705e-08, -0.19721025, 0.9803609, -8.796788e-07, 0.13005991, 4.1758486e-07)
bones/8/enabled = true
bones/8/position = Vector3(-2.0572628e-10, 0.13005933, -1.6254166e-09)
bones/8/rotation = Quaternion(0.48098555, 0.1649434, 0.068684354, 0.8583292)
bones/8/scale = Vector3(1, 0.99999994, 1)
bones/9/name = "mixamorig1_LeftForeArm"
bones/9/parent = 8
bones/9/rest = Transform3D(0.9936217, -0.11221604, -0.011089381, 0.112762675, 0.9888051, 0.097713776, 1.8440183e-07, -0.09834096, 0.9951529, 6.1037787e-07, 0.25560752, 5.6749616e-07)
bones/9/enabled = true
bones/9/position = Vector3(-1.6915119e-10, 0.25560784, -5.2587552e-11)
bones/9/rotation = Quaternion(0.028970065, -0.002703293, 0.24291286, 0.96961176)
bones/9/scale = Vector3(0.99999994, 1, 0.99999994)
bones/10/name = "mixamorig1_LeftHand"
bones/10/parent = 9
bones/10/rest = Transform3D(0.9728979, -0.030836958, 0.22917281, 0.055391617, 0.9932931, -0.10149635, -0.22450596, 0.111439794, 0.9680798, -2.6518725e-07, 0.23404142, -1.0969644e-07)
bones/10/enabled = true
bones/10/position = Vector3(-1.3760061e-10, 0.23404096, 1.8717686e-10)
bones/10/rotation = Quaternion(0.09703764, 0.08987833, -0.1734178, 0.9759262)
bones/10/scale = Vector3(0.99999994, 1, 1)
bones/11/name = "mixamorig1_LeftHandThumb1"
bones/11/parent = 10
bones/11/rest = Transform3D(0.8651137, -0.48712775, 0.11951865, 0.5015754, 0.8401949, -0.20614336, -8.0466253e-07, 0.23828533, 0.97119474, -0.028677024, 0.039358016, 0.011883721)
bones/11/enabled = true
bones/11/position = Vector3(-0.028676994, 0.0393584, 0.011883142)
bones/11/rotation = Quaternion(0.14996722, -0.04488425, 0.11729552, 0.980682)
bones/11/scale = Vector3(1, 1, 1)
bones/12/name = "mixamorig1_LeftHandThumb2"
bones/12/parent = 11
bones/12/rest = Transform3D(1, 3.5161835e-07, -1.5478311e-07, -3.726439e-07, 0.98575157, -0.16820362, 9.343427e-08, 0.16820349, 0.9857524, -0.004054104, 0.03989557, -2.055832e-07)
bones/12/enabled = true
bones/12/position = Vector3(-0.004054076, 0.039895818, -4.5061682e-10)
bones/12/rotation = Quaternion(0.0055023176, -0.027612427, -0.042208575, 0.99871206)
bones/12/scale = Vector3(1, 1, 1)
bones/13/name = "mixamorig1_LeftHandThumb3"
bones/13/parent = 12
bones/13/rest = Transform3D(1, -2.6834954e-07, 6.9793117e-07, 2.678096e-07, 1, 0.00077339093, -6.981385e-07, -0.0007733911, 0.9999998, -0.00037308256, 0.035999898, -5.2022153e-07)
bones/13/enabled = true
bones/13/position = Vector3(-0.00037305336, 0.03599907, 7.1987644e-10)
bones/13/rotation = Quaternion(-0.028318997, 0.00286836, 0.080830984, 0.9963213)
bones/13/scale = Vector3(1, 1, 1)
bones/14/name = "mixamorig1_LeftHandThumb4"
bones/14/parent = 13
bones/14/rest = Transform3D(1, -1.6653347e-16, 5.5511148e-17, 1.6653347e-16, 1, 4.144005e-08, -5.551116e-17, -4.144005e-08, 1, 0.00442713, 0.029790541, -4.5542634e-10)
bones/14/enabled = true
bones/14/position = Vector3(0.00442713, 0.029790541, -4.5542634e-10)
bones/14/rotation = Quaternion(-2.0720025e-08, 2.7755576e-17, 8.3266733e-17, 1)
bones/14/scale = Vector3(1, 1, 1)
bones/15/name = "mixamorig1_LeftHandIndex1"
bones/15/parent = 10
bones/15/rest = Transform3D(0.9931469, -0.11678545, 0.0044246595, 0.116869174, 0.9924355, -0.03759817, -2.7008343e-07, 0.037857648, 0.9992827, -0.03484256, 0.117578305, 0.0011312203)
bones/15/enabled = true
bones/15/position = Vector3(-0.034842465, 0.11757885, 0.0011308297)
bones/15/rotation = Quaternion(0.15808794, 0.0035235563, 0.03307747, 0.9868646)
bones/15/scale = Vector3(1, 1, 1)
bones/16/name = "mixamorig1_LeftHandIndex2"
bones/16/parent = 15
bones/16/rest = Transform3D(1, -1.8561578e-07, -3.9771837e-08, 1.7939986e-07, 0.9925748, -0.12163575, 6.205402e-08, 0.12163572, 0.99257505, 0.00023113033, 0.032984152, -6.606121e-08)
bones/16/enabled = true
bones/16/position = Vector3(0.00023114639, 0.03298392, 2.4757668e-10)
bones/16/rotation = Quaternion(0.30188778, -0.00058451865, -0.051104173, 0.95197266)
bones/16/scale = Vector3(1, 1, 1)
bones/17/name = "mixamorig1_LeftHandIndex3"
bones/17/parent = 16
bones/17/rest = Transform3D(1, -1.6180158e-07, -3.5431476e-08, 1.5981821e-07, 0.99873763, -0.050218597, 4.351222e-08, 0.05021856, 0.99873835, -6.8143054e-05, 0.030810328, -3.1908783e-07)
bones/17/enabled = true
bones/17/position = Vector3(-6.814567e-05, 0.030810468, 4.3524837e-10)
bones/17/rotation = Quaternion(0.14775793, 0.0005050364, -0.024740282, 0.98871404)
bones/17/scale = Vector3(1, 1, 1)
bones/18/name = "mixamorig1_LeftHandIndex4"
bones/18/parent = 17
bones/18/rest = Transform3D(1, -2.775558e-17, 2.7755576e-17, 2.775558e-17, 1, 4.655042e-08, -2.7755576e-17, -4.655042e-08, 1, -0.00016300078, 0.027120832, -1.0782625e-09)
bones/18/enabled = true
bones/18/position = Vector3(-0.00016300078, 0.027120832, -1.0782625e-09)
bones/18/rotation = Quaternion(-2.327521e-08, 1.3877788e-17, 1.387779e-17, 1)
bones/18/scale = Vector3(1, 1, 1)
bones/19/name = "mixamorig1_LeftHandMiddle1"
bones/19/parent = 10
bones/19/rest = Transform3D(0.9999948, 0.0029339537, -0.00026952563, -0.0029463053, 0.9957945, -0.09156737, -2.622835e-07, 0.09156778, 0.99579865, -0.01029337, 0.12347148, -0.0031579668)
bones/19/enabled = true
bones/19/position = Vector3(-0.010292801, 0.123471215, -0.0031581006)
bones/19/rotation = Quaternion(0.20708002, 0.004726191, 0.01642775, 0.97817475)
bones/19/scale = Vector3(1, 0.99999994, 1)
bones/20/name = "mixamorig1_LeftHandMiddle2"
bones/20/parent = 19
bones/20/rest = Transform3D(1, 7.177664e-08, -2.7381418e-07, -1.0018638e-07, 0.99445045, -0.105210476, 2.6474294e-07, 0.10521055, 0.9944498, 9.939593e-05, 0.03432109, 3.13398e-07)
bones/20/enabled = true
bones/20/position = Vector3(9.939122e-05, 0.034321565, -5.1723476e-10)
bones/20/rotation = Quaternion(0.20217843, 2.1081198e-05, -0.0349268, 0.9787258)
bones/20/scale = Vector3(1, 1, 1)
bones/21/name = "mixamorig1_LeftHandMiddle3"
bones/21/parent = 20
bones/21/rest = Transform3D(1, -3.0262783e-08, 8.68401e-08, 2.5426466e-08, 0.9984774, 0.055161674, -8.8377206e-08, -0.05516165, 0.9984778, -9.975587e-05, 0.03160946, -8.098803e-07)
bones/21/enabled = true
bones/21/position = Vector3(-9.976154e-05, 0.031609163, 2.6503813e-11)
bones/21/rotation = Quaternion(0.13095525, 0.00025046847, -0.019132933, 0.99120367)
bones/21/scale = Vector3(1, 1, 1)
bones/22/name = "mixamorig1_LeftHandMiddle4"
bones/22/parent = 21
bones/22/rest = Transform3D(1, 3.5200586e-25, -1.3877788e-17, 0, 1, 2.5364695e-08, 1.3877788e-17, -2.5364695e-08, 1, 3.7021954e-07, 0.028763756, 3.942631e-11)
bones/22/enabled = true
bones/22/position = Vector3(3.7021954e-07, 0.028763756, 3.942631e-11)
bones/22/rotation = Quaternion(-1.2682348e-08, -6.938894e-18, -8.8001465e-26, 1)
bones/22/scale = Vector3(1, 1, 1)
bones/23/name = "mixamorig1_LeftHandRing1"
bones/23/parent = 10
bones/23/rest = Transform3D(0.99887437, 0.045996867, -0.011555629, -0.047426198, 0.9687709, -0.2433784, 1.1268999e-07, 0.24365251, 0.9698626, 0.012667911, 0.12505855, -0.002771241)
bones/23/enabled = true
bones/23/position = Vector3(0.0126674315, 0.12505947, -0.0027706833)
bones/23/rotation = Quaternion(0.2626595, -0.0010558421, 0.011292033, 0.964822)
bones/23/scale = Vector3(0.99999994, 0.99999994, 1)
bones/24/name = "mixamorig1_LeftHandRing2"
bones/24/parent = 23
bones/24/rest = Transform3D(1, -3.085847e-08, 6.363429e-07, -1.6915457e-08, 0.9971881, 0.074939325, -6.3686645e-07, -0.07493936, 0.99718755, -6.5856046e-05, 0.027261246, 1.0320401e-06)
bones/24/enabled = true
bones/24/position = Vector3(-6.585257e-05, 0.027260527, 1.0080703e-09)
bones/24/rotation = Quaternion(0.14564559, 0.000102682585, -0.023006583, 0.98906934)
bones/24/scale = Vector3(1, 1, 1)
bones/25/name = "mixamorig1_LeftHandRing3"
bones/25/parent = 24
bones/25/rest = Transform3D(1, 2.174819e-09, 6.90967e-08, -2.471303e-09, 0.99999076, 0.004291144, -6.908673e-08, -0.0042911433, 0.99999094, 3.413515e-05, 0.026202872, -3.7394452e-07)
bones/25/enabled = true
bones/25/position = Vector3(3.413957e-05, 0.026203029, -2.6956884e-10)
bones/25/rotation = Quaternion(0.09678432, -0.00013519946, -0.016439164, 0.9951696)
bones/25/scale = Vector3(1, 1, 1)
bones/26/name = "mixamorig1_LeftHandRing4"
bones/26/parent = 25
bones/26/rest = Transform3D(1, 2.4286129e-17, -9.7144515e-17, -2.4286129e-17, 1, -1.09406795e-08, 9.7144515e-17, 1.09406795e-08, 1, 3.1712974e-05, 0.0222689, 6.106666e-10)
bones/26/enabled = true
bones/26/position = Vector3(3.1712974e-05, 0.0222689, 6.106666e-10)
bones/26/rotation = Quaternion(5.4703397e-09, -4.8572257e-17, -1.2143064e-17, 1)
bones/26/scale = Vector3(1, 1, 1)
bones/27/name = "mixamorig1_LeftHandPinky1"
bones/27/parent = 10
bones/27/rest = Transform3D(0.99441224, 0.10364269, -0.020042012, -0.10556267, 0.9763263, -0.18879552, 2.6728947e-07, 0.18985645, 0.9818114, 0.032468032, 0.11101902, -0.0011275425)
bones/27/enabled = true
bones/27/position = Vector3(0.03246784, 0.11101979, -0.0011282519)
bones/27/rotation = Quaternion(0.34995437, 0.015373564, -0.04313761, 0.9356467)
bones/27/scale = Vector3(1, 1, 1)
bones/28/name = "mixamorig1_LeftHandPinky2"
bones/28/parent = 27
bones/28/rest = Transform3D(1, 4.2594507e-08, -1.8694675e-07, -5.7303556e-08, 0.996843, -0.07939977, 1.8297453e-07, 0.07939978, 0.99684286, 8.419989e-05, 0.02734672, -3.2219629e-07)
bones/28/enabled = true
bones/28/position = Vector3(8.420587e-05, 0.027345981, -1.388119e-10)
bones/28/rotation = Quaternion(0.17793614, 0.006097675, 0.0030004885, 0.9840186)
bones/28/scale = Vector3(1, 1, 1)
bones/29/name = "mixamorig1_LeftHandPinky3"
bones/29/parent = 28
bones/29/rest = Transform3D(1, -4.8527795e-09, 2.784812e-07, 1.2353453e-08, 0.99963635, -0.026940575, -2.782492e-07, 0.02694054, 0.9996377, -2.9060739e-05, 0.021938832, -1.0209766e-06)
